vt 0.249873 0.874582 0.249873 0.815221 0.281139 0.872016
vt 0.249873 0.874582 1.218861 0.917919 1.218861 0.872016
vt 0.249873 0.874582 0.281139 0.917919 0.249873 0.928450
vt 1.187595 0.874582 1.218861 0.917919 1.187595 0.928450
vt 1.187595 0.874582 1.156329 0.917919 1.156329 0.872016
vt 1.125063 0.874582 1.156329 0.917919 1.125063 0.928450
vt 1.125063 0.874582 1.093798 0.917919 1.093798 0.872016
vt 1.062532 0.874582 1.093798 0.917919 1.062532 0.928450
vt 1.062532 0.874582 1.031266 0.917919 1.031266 0.872016
vt 1.000000 0.874582 1.031266 0.917919 1.000000 0.928450
vt 1.000000 0.874582 0.968734 0.917919 0.968734 0.872016
vt 0.937468 0.874582 0.968734 0.917919 0.937468 0.928450
vt 0.937468 0.874582 0.906202 0.917919 0.906202 0.872016
vt 0.874937 0.874582 0.906202 0.917919 0.874937 0.928450
vt 0.874937 0.874582 0.843671 0.917919 0.843671 0.872016
vt 0.812405 0.874582 0.843671 0.917919 0.812405 0.928450
vt 0.812405 0.874582 0.781139 0.917919 0.781139 0.872016
vt 0.749873 0.874582 0.781139 0.917919 0.749873 0.928450
vt 0.749873 0.874582 0.718861 0.917919 0.718861 0.872016
vt 0.687595 0.874582 0.718861 0.917919 0.687595 0.928450
vt 0.687595 0.874582 0.656329 0.917919 0.656329 0.872016
vt 0.625063 0.874582 0.656329 0.917919 0.625063 0.928450
vt 0.625063 0.874582 0.593798 0.917919 0.593798 0.872016
vt 0.562532 0.874582 0.593798 0.917919 0.562532 0.928450
vt 0.562532 0.874582 0.531266 0.917919 0.531266 0.872016
vt 0.500000 0.874582 0.531266 0.917919 0.500000 0.928450
vt 0.500000 0.874582 0.468734 0.917919 0.468734 0.872016
vt 0.437468 0.874582 0.468734 0.917919 0.437468 0.928450
vt 0.437468 0.874582 0.406202 0.917919 0.406202 0.872016
vt 0.374937 0.874582 0.406202 0.917919 0.374937 0.928450
vt 0.374937 0.874582 0.343671 0.917919 0.343671 0.872016
vt 0.312405 0.874582 0.281139 0.872016 0.312405 0.815221
vt 0.312405 0.874582 0.343671 0.917919 0.312405 0.928450
vt 0.312405 0.874582 0.281139 0.917919 0.281139 0.872016
vt 0.249873 0.752932 0.249873 0.815221 1.218861 0.752962
vt 0.249873 0.752932 1.218861 0.690206 0.249873 0.690178
vt 0.249873 0.752932 0.281139 0.690206 0.281139 0.752962
vt 1.187595 0.752932 1.187595 0.815221 1.156329 0.752962
vt 1.187595 0.752932 1.218861 0.752962 1.187595 0.815221
vt 1.187595 0.752932 1.218861 0.690206 1.218861 0.752962
vt 1.187595 0.752932 1.156329 0.690206 1.187595 0.690178
vt 1.125063 0.752932 1.125063 0.815221 1.093798 0.752962
vt 1.125063 0.752932 1.156329 0.752962 1.125063 0.815221
vt 1.125063 0.752932 1.156329 0.690206 1.156329 0.752962
vt 1.125063 0.752932 1.093798 0.690206 1.125063 0.690178
vt 1.062532 0.752932 1.062532 0.815221 1.031266 0.752962
vt 1.062532 0.752932 1.093798 0.752962 1.062532 0.815221
vt 1.062532 0.752932 1.093798 0.690206 1.093798 0.752962
vt 1.062532 0.752932 1.031266 0.690206 1.062532 0.690178
vt 1.000000 0.752932 1.000000 0.815221 0.968734 0.752962
vt 1.000000 0.752932 1.031266 0.752962 1.000000 0.815221
vt 1.000000 0.752932 1.031266 0.690206 1.031266 0.752962
vt 1.000000 0.752932 0.968734 0.690206 1.000000 0.690178
vt 0.937468 0.752932 0.937468 0.815221 0.906202 0.752962
vt 0.937468 0.752932 0.968734 0.752962 0.937468 0.815221
vt 0.937468 0.752932 0.968734 0.690206 0.968734 0.752962
vt 0.937468 0.752932 0.906202 0.690206 0.937468 0.690178
vt 0.874937 0.752932 0.874937 0.815221 0.843671 0.752962
vt 0.874937 0.752932 0.906202 0.752962 0.874937 0.815221
vt 0.874937 0.752932 0.906202 0.690206 0.906202 0.752962
vt 0.874937 0.752932 0.843671 0.690206 0.874937 0.690178
vt 0.812405 0.752932 0.812405 0.815221 0.781139 0.752962
vt 0.812405 0.752932 0.843671 0.752962 0.812405 0.815221
vt 0.812405 0.752932 0.843671 0.690206 0.843671 0.752962
vt 0.812405 0.752932 0.781139 0.690206 0.812405 0.690178
vt 0.749873 0.752932 0.749873 0.815221 0.718861 0.752962
vt 0.749873 0.752932 0.781139 0.752962 0.749873 0.815221
vt 0.749873 0.752932 0.781139 0.690206 0.781139 0.752962
vt 0.749873 0.752932 0.718861 0.690206 0.749873 0.690178
vt 0.687595 0.752932 0.687595 0.815221 0.656329 0.752962
vt 0.687595 0.752932 0.718861 0.752962 0.687595 0.815221
vt 0.687595 0.752932 0.718861 0.690206 0.718861 0.752962
vt 0.687595 0.752932 0.656329 0.690206 0.687595 0.690178
vt 0.625063 0.752932 0.625063 0.815221 0.593798 0.752962
vt 0.625063 0.752932 0.656329 0.752962 0.625063 0.815221
vt 0.625063 0.752932 0.656329 0.690206 0.656329 0.752962
vt 0.625063 0.752932 0.593798 0.690206 0.625063 0.690178
vt 0.562532 0.752932 0.562532 0.815221 0.531266 0.752962
vt 0.562532 0.752932 0.593798 0.752962 0.562532 0.815221
vt 0.562532 0.752932 0.593798 0.690206 0.593798 0.752962
vt 0.562532 0.752932 0.531266 0.690206 0.562532 0.690178
vt 0.500000 0.752932 0.500000 0.815221 0.468734 0.752962
vt 0.500000 0.752932 0.531266 0.752962 0.500000 0.815221
vt 0.500000 0.752932 0.531266 0.690206 0.531266 0.752962
vt 0.500000 0.752932 0.468734 0.690206 0.500000 0.690178
vt 0.437468 0.752932 0.437468 0.815221 0.406202 0.752962
vt 0.437468 0.752932 0.468734 0.752962 0.437468 0.815221
vt 0.437468 0.752932 0.468734 0.690206 0.468734 0.752962
vt 0.437468 0.752932 0.406202 0.690206 0.437468 0.690178
vt 0.374937 0.752932 0.374937 0.815221 0.343671 0.752962
vt 0.374937 0.752932 0.406202 0.752962 0.374937 0.815221
vt 0.374937 0.752932 0.406202 0.690206 0.406202 0.752962
vt 0.374937 0.752932 0.343671 0.690206 0.374937 0.690178
vt 0.312405 0.752932 0.343671 0.752962 0.312405 0.815221
vt 0.312405 0.752932 0.343671 0.690206 0.343671 0.752962
vt 0.312405 0.752932 0.281139 0.690206 0.312405 0.690178
vt 0.249873 0.626988 0.249873 0.690178 1.218861 0.627009
vt 0.249873 0.626988 1.218861 0.563471 0.249873 0.563459
vt 0.249873 0.626988 0.281139 0.563471 0.281139 0.627009
vt 1.187595 0.626988 1.187595 0.690178 1.156329 0.627009
vt 1.187595 0.626988 1.218861 0.627009 1.187595 0.690178
vt 1.187595 0.626988 1.218861 0.563471 1.218861 0.627009
vt 1.187595 0.626988 1.156329 0.563471 1.187595 0.563459
vt 1.125063 0.626988 1.125063 0.690178 1.093797 0.627009
vt 1.125063 0.626988 1.156329 0.627009 1.125063 0.690178
vt 1.125063 0.626988 1.156329 0.563471 1.156329 0.627009
vt 1.125063 0.626988 1.093798 0.563471 1.125063 0.563459
vt 1.062532 0.626988 1.062532 0.690178 1.031266 0.627009
vt 1.062532 0.626988 1.093797 0.627009 1.062532 0.690178
vt 1.062532 0.626988 1.093798 0.563471 1.093797 0.627009
vt 1.062532 0.626988 1.031266 0.563471 1.062532 0.563459
vt 1.000000 0.626988 1.000000 0.690178 0.968734 0.627009
vt 1.000000 0.626988 1.031266 0.627009 1.000000 0.690178
vt 1.000000 0.626988 1.031266 0.563471 1.031266 0.627009
vt 1.000000 0.626988 0.968734 0.563471 1.000000 0.563459
vt 0.937468 0.626988 0.937468 0.690178 0.906203 0.627009
vt 0.937468 0.626988 0.968734 0.627009 0.937468 0.690178
vt 0.937468 0.626988 0.968734 0.563471 0.968734 0.627009
vt 0.937468 0.626988 0.906202 0.563471 0.937468 0.563459
vt 0.874937 0.626988 0.874937 0.690178 0.843671 0.627009
vt 0.874937 0.626988 0.906203 0.627009 0.874937 0.690178
vt 0.874937 0.626988 0.906202 0.563471 0.906203 0.627009
vt 0.874937 0.626988 0.843671 0.563471 0.874937 0.563459
vt 0.812405 0.626988 0.812405 0.690178 0.781139 0.627009
vt 0.812405 0.626988 0.843671 0.627009 0.812405 0.690178
vt 0.812405 0.626988 0.843671 0.563471 0.843671 0.627009
vt 0.812405 0.626988 0.781139 0.563471 0.812405 0.563459
vt 0.749873 0.626988 0.749873 0.690178 0.718861 0.627009
vt 0.749873 0.626988 0.781139 0.627009 0.749873 0.690178
vt 0.749873 0.626988 0.781139 0.563471 0.781139 0.627009
vt 0.749873 0.626988 0.718861 0.563471 0.749873 0.563459
vt 0.687595 0.626988 0.687595 0.690178 0.656329 0.627009
vt 0.687595 0.626988 0.718861 0.627009 0.687595 0.690178
vt 0.687595 0.626988 0.718861 0.563471 0.718861 0.627009
vt 0.687595 0.626988 0.656329 0.563471 0.687595 0.563459
vt 0.625063 0.626988 0.625063 0.690178 0.593797 0.627009
vt 0.625063 0.626988 0.656329 0.627009 0.625063 0.690178
vt 0.625063 0.626988 0.656329 0.563471 0.656329 0.627009
vt 0.625063 0.626988 0.593798 0.563471 0.625063 0.563459
vt 0.562532 0.626988 0.562532 0.690178 0.531266 0.627009
vt 0.562532 0.626988 0.593797 0.627009 0.562532 0.690178
vt 0.562532 0.626988 0.593798 0.563471 0.593797 0.627009
vt 0.562532 0.626988 0.531266 0.563471 0.562532 0.563459
vt 0.500000 0.626988 0.500000 0.690178 0.468734 0.627009
vt 0.500000 0.626988 0.531266 0.627009 0.500000 0.690178
vt 0.500000 0.626988 0.531266 0.563471 0.531266 0.627009
vt 0.500000 0.626988 0.468734 0.563471 0.500000 0.563459
vt 0.437468 0.626988 0.437468 0.690178 0.406203 0.627009
vt 0.437468 0.626988 0.468734 0.627009 0.437468 0.690178
vt 0.437468 0.626988 0.468734 0.563471 0.468734 0.627009
vt 0.437468 0.626988 0.406202 0.563471 0.437468 0.563459
vt 0.374937 0.626988 0.374937 0.690178 0.343671 0.627009
vt 0.374937 0.626988 0.406203 0.627009 0.374937 0.690178
vt 0.374937 0.626988 0.406202 0.563471 0.406203 0.627009
vt 0.374937 0.626988 0.343671 0.563471 0.374937 0.563459
vt 0.312405 0.626988 0.343671 0.627009 0.312405 0.690178
vt 0.312405 0.626988 0.343671 0.563471 0.343671 0.627009
vt 0.312405 0.626988 0.281139 0.563471 0.312405 0.563459
vt 0.249873 0.499746 0.249873 0.563459 1.218861 0.499746
vt 0.249873 0.499746 0.249873 0.436033 0.281139 0.499746
vt 1.187595 0.499746 1.187595 0.563459 1.156329 0.499746
vt 1.187595 0.499746 1.218861 0.499746 1.187595 0.563459
vt 1.125063 0.499746 1.125063 0.563459 1.093798 0.499746
vt 1.125063 0.499746 1.156329 0.499746 1.125063 0.563459
vt 1.062532 0.499746 1.062532 0.563459 1.031266 0.499746
vt 1.062532 0.499746 1.093798 0.499746 1.062532 0.563459
vt 1.000000 0.499746 1.000000 0.563459 0.968734 0.499746
vt 1.000000 0.499746 1.031266 0.499746 1.000000 0.563459
vt 0.937468 0.499746 0.937468 0.563459 0.906202 0.499746
vt 0.937468 0.499746 0.968734 0.499746 0.937468 0.563459
vt 0.874937 0.499746 0.874937 0.563459 0.843671 0.499746
vt 0.874937 0.499746 0.906202 0.499746 0.874937 0.563459
vt 0.812405 0.499746 0.812405 0.563459 0.781139 0.499746
vt 0.812405 0.499746 0.843671 0.499746 0.812405 0.563459
vt 0.749873 0.499746 0.749873 0.563459 0.718861 0.499746
vt 0.749873 0.499746 0.781139 0.499746 0.749873 0.563459
vt 0.687595 0.499746 0.687595 0.563459 0.656329 0.499746
vt 0.687595 0.499746 0.718861 0.499746 0.687595 0.563459
vt 0.625063 0.499746 0.625063 0.563459 0.593798 0.499746
vt 0.625063 0.499746 0.656329 0.499746 0.625063 0.563459
vt 0.562532 0.499746 0.562532 0.563459 0.531266 0.499746
vt 0.562532 0.499746 0.593798 0.499746 0.562532 0.563459
vt 0.500000 0.499746 0.500000 0.563459 0.468734 0.499746
vt 0.500000 0.499746 0.531266 0.499746 0.500000 0.563459
vt 0.437468 0.499746 0.437468 0.563459 0.406202 0.499746
vt 0.437468 0.499746 0.468734 0.499746 0.437468 0.563459
vt 0.374937 0.499746 0.374937 0.563459 0.343671 0.499746
vt 0.374937 0.499746 0.406202 0.499746 0.374937 0.563459
vt 0.312405 0.499746 0.281139 0.499746 0.312405 0.436033
vt 0.312405 0.499746 0.343671 0.499746 0.312405 0.563459
vt 0.249873 0.372505 0.249873 0.309314 0.281139 0.372483
vt 0.249873 0.372505 1.218861 0.436022 1.218861 0.372483
vt 0.249873 0.372505 0.281139 0.436022 0.249873 0.436033
vt 1.187595 0.372505 1.218861 0.436022 1.187595 0.436033
vt 1.187595 0.372505 1.156329 0.436022 1.156329 0.372483
vt 1.125063 0.372505 1.156329 0.436022 1.125063 0.436033
vt 1.125063 0.372505 1.093798 0.436022 1.093797 0.372483
vt 1.062532 0.372505 1.093798 0.436022 1.062532 0.436033
vt 1.062532 0.372505 1.031266 0.436022 1.031266 0.372483
vt 1.000000 0.372505 1.031266 0.436022 1.000000 0.436033
vt 1.000000 0.372505 0.968734 0.436022 0.968734 0.372483
vt 0.937468 0.372505 0.968734 0.436022 0.937468 0.436033
vt 0.937468 0.372505 0.906202 0.436022 0.906203 0.372483
vt 0.874937 0.372505 0.906202 0.436022 0.874937 0.436033
vt 0.874937 0.372505 0.843671 0.436022 0.843671 0.372483
vt 0.812405 0.372505 0.843671 0.436022 0.812405 0.436033
vt 0.812405 0.372505 0.781139 0.436022 0.781139 0.372483
vt 0.749873 0.372505 0.781139 0.436022 0.749873 0.436033
vt 0.749873 0.372505 0.718861 0.436022 0.718861 0.372483
vt 0.687595 0.372505 0.718861 0.436022 0.687595 0.436033
vt 0.687595 0.372505 0.656329 0.436022 0.656329 0.372483
vt 0.625063 0.372505 0.656329 0.436022 0.625063 0.436033
vt 0.625063 0.372505 0.593798 0.436022 0.593797 0.372483
vt 0.562532 0.372505 0.593798 0.436022 0.562532 0.436033
vt 0.562532 0.372505 0.531266 0.436022 0.531266 0.372483
vt 0.500000 0.372505 0.531266 0.436022 0.500000 0.436033
vt 0.500000 0.372505 0.468734 0.436022 0.468734 0.372483
vt 0.437468 0.372505 0.468734 0.436022 0.437468 0.436033
vt 0.437468 0.372505 0.406202 0.436022 0.406203 0.372483
vt 0.374937 0.372505 0.406202 0.436022 0.374937 0.436033
vt 0.374937 0.372505 0.343671 0.436022 0.343671 0.372483
vt 0.312405 0.372505 0.281139 0.372483 0.312405 0.309315
vt 0.312405 0.372505 0.343671 0.436022 0.312405 0.436033
vt 0.312405 0.372505 0.281139 0.436022 0.281139 0.372483
vt 0.249873 0.246560 0.249873 0.184272 0.281139 0.246530
vt 0.249873 0.246560 1.218861 0.309287 1.218861 0.246530
vt 0.249873 0.246560 0.281139 0.309287 0.249873 0.309314
vt 1.187595 0.246560 1.218861 0.309287 1.187595 0.309315
vt 1.187595 0.246560 1.156329 0.309287 1.156329 0.246530
vt 1.125063 0.246560 1.156329 0.309287 1.125063 0.309314
vt 1.125063 0.246560 1.093798 0.309287 1.093798 0.246530
vt 1.062532 0.246560 1.093798 0.309287 1.062532 0.309315
vt 1.062532 0.246560 1.031266 0.309287 1.031266 0.246530
vt 1.000000 0.246560 1.031266 0.309287 1.000000 0.309314
vt 1.000000 0.246560 0.968734 0.309287 0.968734 0.246530
vt 0.937468 0.246560 0.968734 0.309287 0.937468 0.309315
vt 0.937468 0.246560 0.906202 0.309287 0.906202 0.246530
vt 0.874937 0.246560 0.906202 0.309287 0.874937 0.309314
vt 0.874937 0.246560 0.843671 0.309287 0.843671 0.246530
vt 0.812405 0.246560 0.843671 0.309287 0.812405 0.309315
vt 0.812405 0.246560 0.781139 0.309287 0.781139 0.246530
vt 0.749873 0.246560 0.781139 0.309287 0.749873 0.309314
vt 0.749873 0.246560 0.718861 0.309287 0.718861 0.246530
vt 0.687595 0.246560 0.718861 0.309287 0.687595 0.309315
vt 0.687595 0.246560 0.656329 0.309287 0.656329 0.246530
vt 0.625063 0.246560 0.656329 0.309287 0.625063 0.309314
vt 0.625063 0.246560 0.593798 0.309287 0.593798 0.246530
vt 0.562532 0.246560 0.593798 0.309287 0.562532 0.309315
vt 0.562532 0.246560 0.531266 0.309287 0.531266 0.246530
vt 0.500000 0.246560 0.531266 0.309287 0.500000 0.309314
vt 0.500000 0.246560 0.468734 0.309287 0.468734 0.246530
vt 0.437468 0.246560 0.468734 0.309287 0.437468 0.309315
vt 0.437468 0.246560 0.406202 0.309287 0.406202 0.246530
vt 0.374937 0.246560 0.406202 0.309287 0.374937 0.309314
vt 0.374937 0.246560 0.343671 0.309287 0.343671 0.246530
vt 0.312405 0.246560 0.281139 0.246530 0.312405 0.184272
vt 0.312405 0.246560 0.343671 0.309287 0.312405 0.309315
vt 0.312405 0.246560 0.281139 0.309287 0.281139 0.246530
vt 0.249873 0.124911 0.249873 0.184272 1.218861 0.127476
vt 0.249873 0.124911 1.218861 0.081574 0.249873 0.071043
vt 0.249873 0.124911 0.281139 0.081574 0.281139 0.127476
vt 1.187595 0.124911 1.187595 0.184272 1.156329 0.127477
vt 1.187595 0.124911 1.218861 0.127476 1.187595 0.184272
vt 1.187595 0.124911 1.218861 0.081574 1.218861 0.127476
vt 1.187595 0.124911 1.156329 0.081574 1.187595 0.071043
vt 1.125063 0.124911 1.125063 0.184272 1.093798 0.127477
vt 1.125063 0.124911 1.156329 0.127477 1.125063 0.184272
vt 1.125063 0.124911 1.156329 0.081574 1.156329 0.127477
vt 1.125063 0.124911 1.093798 0.081574 1.125063 0.071043
vt 1.062532 0.124911 1.062532 0.184272 1.031266 0.127476
vt 1.062532 0.124911 1.093798 0.127477 1.062532 0.184272
vt 1.062532 0.124911 1.093798 0.081574 1.093798 0.127477
vt 1.062532 0.124911 1.031266 0.081574 1.062532 0.071043
vt 1.000000 0.124911 1.000000 0.184272 0.968734 0.127476
vt 1.000000 0.124911 1.031266 0.127476 1.000000 0.184272
vt 1.000000 0.124911 1.031266 0.081574 1.031266 0.127476
vt 1.000000 0.124911 0.968734 0.081574 1.000000 0.071043
vt 0.937468 0.124911 0.937468 0.184272 0.906202 0.127477
vt 0.937468 0.124911 0.968734 0.127476 0.937468 0.184272
vt 0.937468 0.124911 0.968734 0.081574 0.968734 0.127476
vt 0.937468 0.124911 0.906202 0.081574 0.937468 0.071043
vt 0.874937 0.124911 0.874937 0.184272 0.843671 0.127477
vt 0.874937 0.124911 0.906202 0.127477 0.874937 0.184272
vt 0.874937 0.124911 0.906202 0.081574 0.906202 0.127477
vt 0.874937 0.124911 0.843671 0.081574 0.874937 0.071043
vt 0.812405 0.124911 0.812405 0.184272 0.781139 0.127476
vt 0.812405 0.124911 0.843671 0.127477 0.812405 0.184272
vt 0.812405 0.124911 0.843671 0.081574 0.843671 0.127477
vt 0.812405 0.124911 0.781139 0.081574 0.812405 0.071043
vt 0.749873 0.124911 0.749873 0.184272 0.718861 0.127476
vt 0.749873 0.124911 0.781139 0.127476 0.749873 0.184272
vt 0.749873 0.124911 0.781139 0.081574 0.781139 0.127476
vt 0.749873 0.124911 0.718861 0.081574 0.749873 0.071043
vt 0.687595 0.124911 0.687595 0.184272 0.656329 0.127477
vt 0.687595 0.124911 0.718861 0.127476 0.687595 0.184272
vt 0.687595 0.124911 0.718861 0.081574 0.718861 0.127476
vt 0.687595 0.124911 0.656329 0.081574 0.687595 0.071043
vt 0.625063 0.124911 0.625063 0.184272 0.593798 0.127477
vt 0.625063 0.124911 0.656329 0.127477 0.625063 0.184272
vt 0.625063 0.124911 0.656329 0.081574 0.656329 0.127477
vt 0.625063 0.124911 0.593798 0.081574 0.625063 0.071043
vt 0.562532 0.124911 0.562532 0.184272 0.531266 0.127476
vt 0.562532 0.124911 0.593798 0.127477 0.562532 0.184272
vt 0.562532 0.124911 0.593798 0.081574 0.593798 0.127477
vt 0.562532 0.124911 0.531266 0.081574 0.562532 0.071043
vt 0.500000 0.124911 0.500000 0.184272 0.468734 0.127476
vt 0.500000 0.124911 0.531266 0.127476 0.500000 0.184272
vt 0.500000 0.124911 0.531266 0.081574 0.531266 0.127476
vt 0.500000 0.124911 0.468734 0.081574 0.500000 0.071043
vt 0.437468 0.124911 0.437468 0.184272 0.406202 0.127477
vt 0.437468 0.124911 0.468734 0.127476 0.437468 0.184272
vt 0.437468 0.124911 0.468734 0.081574 0.468734 0.127476
vt 0.437468 0.124911 0.406202 0.081574 0.437468 0.071043
vt 0.374937 0.124911 0.374937 0.184272 0.343671 0.127477
vt 0.374937 0.124911 0.406202 0.127477 0.374937 0.184272
vt 0.374937 0.124911 0.406202 0.081574 0.406202 0.127477
vt 0.374937 0.124911 0.343671 0.081574 0.374937 0.071043
vt 0.312405 0.124911 0.343671 0.127477 0.312405 0.184272
vt 0.312405 0.124911 0.343671 0.081574 0.343671 0.127477
vt 0.312405 0.124911 0.281139 0.081574 0.312405 0.071043
vt 0.823703 1.000000 1.187595 0.928450 0.249873 0.928450
vt 0.823703 1.000000 1.125063 0.928450 1.187595 0.928450
vt 0.823703 1.000000 1.062532 0.928450 1.125063 0.928450
vt 0.823703 1.000000 1.000000 0.928450 1.062532 0.928450
vt 0.823703 1.000000 0.937468 0.928450 1.000000 0.928450
vt 0.823703 1.000000 0.874937 0.928450 0.937468 0.928450
vt 0.823703 1.000000 0.812405 0.928450 0.874937 0.928450
vt 0.823703 1.000000 0.749873 0.928450 0.812405 0.928450
vt 0.823703 1.000000 0.687595 0.928450 0.749873 0.928450
vt 0.823703 1.000000 0.625063 0.928450 0.687595 0.928450
vt 0.823703 1.000000 0.562532 0.928450 0.625063 0.928450
vt 0.823703 1.000000 0.500000 0.928450 0.562532 0.928450
vt 0.823703 1.000000 0.437468 0.928450 0.500000 0.928450
vt 0.823703 1.000000 0.374937 0.928450 0.437468 0.928450
vt 0.823703 1.000000 0.312405 0.928450 0.374937 0.928450
vt 0.613972 -0.000507 0.312405 0.071043 0.249873 0.071043
vt 1.218861 0.872016 0.249873 0.815221 0.249873 0.874582
vt 1.218861 0.872016 1.218861 0.917919 1.187595 0.874582
vt 0.281139 0.872016 0.281139 0.917919 0.249873 0.874582
vt 0.249873 0.815221 0.281139 0.752962 0.281139 0.815249
vt 0.249873 0.928450 1.187595 0.928450 1.218861 0.917919
vt 0.249873 0.928450 0.312405 0.928450 0.823703 1.000000
vt 0.249873 0.928450 1.218861 0.917919 0.249873 0.874582
vt 1.156329 0.872016 1.187595 0.815221 1.187595 0.874582
vt 1.156329 0.872016 1.156329 0.917919 1.125063 0.874582
vt 1.187595 0.815221 1.218861 0.872016 1.187595 0.874582
vt 1.187595 0.815221 1.218861 0.752962 1.218861 0.815249
vt 1.187595 0.928450 1.125063 0.928450 1.156329 0.917919
vt 1.187595 0.928450 1.156329 0.917919 1.187595 0.874582
vt 1.093798 0.872016 1.125063 0.815221 1.125063 0.874582
vt 1.093798 0.872016 1.093798 0.917919 1.062532 0.874582
vt 1.125063 0.815221 1.156329 0.872016 1.125063 0.874582
vt 1.125063 0.815221 1.156329 0.752962 1.156329 0.815248
vt 1.125063 0.928450 1.062532 0.928450 1.093798 0.917919
vt 1.125063 0.928450 1.093798 0.917919 1.125063 0.874582
vt 1.031266 0.872016 1.062532 0.815221 1.062532 0.874582
vt 1.031266 0.872016 1.031266 0.917919 1.000000 0.874582
vt 1.062532 0.815221 1.093798 0.872016 1.062532 0.874582
vt 1.062532 0.815221 1.093798 0.752962 1.093798 0.815248
vt 1.062532 0.928450 1.000000 0.928450 1.031266 0.917919
vt 1.062532 0.928450 1.031266 0.917919 1.062532 0.874582
vt 0.968734 0.872016 1.000000 0.815221 1.000000 0.874582
vt 0.968734 0.872016 0.968734 0.917919 0.937468 0.874582
vt 1.000000 0.815221 1.031266 0.872016 1.000000 0.874582
vt 1.000000 0.815221 1.031266 0.752962 1.031266 0.815249
vt 1.000000 0.928450 0.937468 0.928450 0.968734 0.917919
vt 1.000000 0.928450 0.968734 0.917919 1.000000 0.874582
vt 0.906202 0.872016 0.937468 0.815221 0.937468 0.874582
vt 0.906202 0.872016 0.906202 0.917919 0.874937 0.874582
vt 0.937468 0.815221 0.968734 0.872016 0.937468 0.874582
vt 0.937468 0.815221 0.968734 0.752962 0.968734 0.815249
vt 0.937468 0.928450 0.874937 0.928450 0.906202 0.917919
vt 0.937468 0.928450 0.906202 0.917919 0.937468 0.874582
vt 0.843671 0.872016 0.874937 0.815221 0.874937 0.874582
vt 0.843671 0.872016 0.843671 0.917919 0.812405 0.874582
vt 0.874937 0.815221 0.906202 0.872016 0.874937 0.874582
vt 0.874937 0.815221 0.906202 0.752962 0.906202 0.815248
vt 0.874937 0.928450 0.812405 0.928450 0.843671 0.917919
vt 0.874937 0.928450 0.843671 0.917919 0.874937 0.874582
vt 0.781139 0.872016 0.812405 0.815221 0.812405 0.874582
vt 0.781139 0.872016 0.781139 0.917919 0.749873 0.874582
vt 0.812405 0.815221 0.843671 0.872016 0.812405 0.874582
vt 0.812405 0.815221 0.843671 0.752962 0.843671 0.815248
vt 0.812405 0.928450 0.749873 0.928450 0.781139 0.917919
vt 0.812405 0.928450 0.781139 0.917919 0.812405 0.874582
vt 0.718861 0.872016 0.749873 0.815221 0.749873 0.874582
vt 0.718861 0.872016 0.718861 0.917919 0.687595 0.874582
vt 0.749873 0.815221 0.781139 0.872016 0.749873 0.874582
vt 0.749873 0.815221 0.781139 0.752962 0.781139 0.815249
vt 0.749873 0.928450 0.687595 0.928450 0.718861 0.917919
vt 0.749873 0.928450 0.718861 0.917919 0.749873 0.874582
vt 0.656329 0.872016 0.687595 0.815221 0.687595 0.874582
vt 0.656329 0.872016 0.656329 0.917919 0.625063 0.874582
vt 0.687595 0.815221 0.718861 0.872016 0.687595 0.874582
vt 0.687595 0.815221 0.718861 0.752962 0.718861 0.815249
vt 0.687595 0.928450 0.625063 0.928450 0.656329 0.917919
vt 0.687595 0.928450 0.656329 0.917919 0.687595 0.874582
vt 0.593798 0.872016 0.625063 0.815221 0.625063 0.874582
vt 0.593798 0.872016 0.593798 0.917919 0.562532 0.874582
vt 0.625063 0.815221 0.656329 0.872016 0.625063 0.874582
vt 0.625063 0.815221 0.656329 0.752962 0.656329 0.815248
vt 0.625063 0.928450 0.562532 0.928450 0.593798 0.917919
vt 0.625063 0.928450 0.593798 0.917919 0.625063 0.874582
vt 0.531266 0.872016 0.562532 0.815221 0.562532 0.874582
vt 0.531266 0.872016 0.531266 0.917919 0.500000 0.874582
vt 0.562532 0.815221 0.593798 0.872016 0.562532 0.874582
vt 0.562532 0.815221 0.593798 0.752962 0.593798 0.815248
vt 0.562532 0.928450 0.500000 0.928450 0.531266 0.917919
vt 0.562532 0.928450 0.531266 0.917919 0.562532 0.874582
vt 0.468734 0.872016 0.500000 0.815221 0.500000 0.874582
vt 0.468734 0.872016 0.468734 0.917919 0.437468 0.874582
vt 0.500000 0.815221 0.531266 0.872016 0.500000 0.874582
vt 0.500000 0.815221 0.531266 0.752962 0.531266 0.815249
vt 0.500000 0.928450 0.437468 0.928450 0.468734 0.917919
vt 0.500000 0.928450 0.468734 0.917919 0.500000 0.874582
vt 0.406202 0.872016 0.437468 0.815221 0.437468 0.874582
vt 0.406202 0.872016 0.406202 0.917919 0.374937 0.874582
vt 0.437468 0.815221 0.468734 0.872016 0.437468 0.874582
vt 0.437468 0.815221 0.468734 0.752962 0.468734 0.815249
vt 0.437468 0.928450 0.374937 0.928450 0.406202 0.917919
vt 0.437468 0.928450 0.406202 0.917919 0.437468 0.874582
vt 0.343671 0.872016 0.374937 0.815221 0.374937 0.874582
vt 0.343671 0.872016 0.343671 0.917919 0.312405 0.874582
vt 0.374937 0.815221 0.406202 0.872016 0.374937 0.874582
vt 0.374937 0.815221 0.406202 0.752962 0.406202 0.815248
vt 0.374937 0.928450 0.312405 0.928450 0.343671 0.917919
vt 0.374937 0.928450 0.343671 0.917919 0.374937 0.874582
vt 0.312405 0.815221 0.343671 0.872016 0.312405 0.874582
vt 0.312405 0.815221 0.281139 0.752962 0.312405 0.752932
vt 0.312405 0.815221 0.343671 0.752962 0.343671 0.815248
vt 0.312405 0.928450 0.249873 0.928450 0.281139 0.917919
vt 0.312405 0.928450 0.281139 0.917919 0.312405 0.874582
vt 1.218861 0.752962 1.218861 0.690206 0.249873 0.752932
vt 0.281139 0.752962 0.249873 0.815221 0.249873 0.752932
vt 0.281139 0.752962 0.281139 0.690206 0.312405 0.752932
vt 0.249873 0.690178 0.281139 0.627009 0.281139 0.690206
vt 0.249873 0.690178 0.281139 0.690206 0.249873 0.752932
vt 1.156329 0.752962 1.156329 0.690206 1.187595 0.752932
vt 1.187595 0.690178 1.218861 0.627009 1.218861 0.690206
vt 1.187595 0.690178 1.218861 0.690206 1.187595 0.752932
vt 1.093798 0.752962 1.093798 0.690206 1.125063 0.752932
vt 1.125063 0.690178 1.156329 0.627009 1.156329 0.690206
vt 1.125063 0.690178 1.156329 0.690206 1.125063 0.752932
vt 1.031266 0.752962 1.031266 0.690206 1.062532 0.752932
vt 1.062532 0.690178 1.093797 0.627009 1.093798 0.690206
vt 1.062532 0.690178 1.093798 0.690206 1.062532 0.752932
vt 0.968734 0.752962 0.968734 0.690206 1.000000 0.752932
vt 1.000000 0.690178 1.031266 0.627009 1.031266 0.690206
vt 1.000000 0.690178 1.031266 0.690206 1.000000 0.752932
vt 0.906202 0.752962 0.906202 0.690206 0.937468 0.752932
vt 0.937468 0.690178 0.968734 0.627009 0.968734 0.690206
vt 0.937468 0.690178 0.968734 0.690206 0.937468 0.752932
vt 0.843671 0.752962 0.843671 0.690206 0.874937 0.752932
vt 0.874937 0.690178 0.906203 0.627009 0.906202 0.690206
vt 0.874937 0.690178 0.906202 0.690206 0.874937 0.752932
vt 0.781139 0.752962 0.781139 0.690206 0.812405 0.752932
vt 0.812405 0.690178 0.843671 0.627009 0.843671 0.690206
vt 0.812405 0.690178 0.843671 0.690206 0.812405 0.752932
vt 0.718861 0.752962 0.718861 0.690206 0.749873 0.752932
vt 0.749873 0.690178 0.781139 0.627009 0.781139 0.690206
vt 0.749873 0.690178 0.781139 0.690206 0.749873 0.752932
vt 0.656329 0.752962 0.656329 0.690206 0.687595 0.752932
vt 0.687595 0.690178 0.718861 0.627009 0.718861 0.690206
vt 0.687595 0.690178 0.718861 0.690206 0.687595 0.752932
vt 0.593798 0.752962 0.593798 0.690206 0.625063 0.752932
vt 0.625063 0.690178 0.656329 0.627009 0.656329 0.690206
vt 0.625063 0.690178 0.656329 0.690206 0.625063 0.752932
vt 0.531266 0.752962 0.531266 0.690206 0.562532 0.752932
vt 0.562532 0.690178 0.593797 0.627009 0.593798 0.690206
vt 0.562532 0.690178 0.593798 0.690206 0.562532 0.752932
vt 0.468734 0.752962 0.468734 0.690206 0.500000 0.752932
vt 0.500000 0.690178 0.531266 0.627009 0.531266 0.690206
vt 0.500000 0.690178 0.531266 0.690206 0.500000 0.752932
vt 0.406202 0.752962 0.406202 0.690206 0.437468 0.752932
vt 0.437468 0.690178 0.468734 0.627009 0.468734 0.690206
vt 0.437468 0.690178 0.468734 0.690206 0.437468 0.752932
vt 0.343671 0.752962 0.343671 0.690206 0.374937 0.752932
vt 0.374937 0.690178 0.406203 0.627009 0.406202 0.690206
vt 0.374937 0.690178 0.406202 0.690206 0.374937 0.752932
vt 0.312405 0.690178 0.281139 0.627009 0.312405 0.626988
vt 0.312405 0.690178 0.343671 0.627009 0.343671 0.690206
vt 0.312405 0.690178 0.343671 0.690206 0.312405 0.752932
vt 1.218861 0.627009 1.218861 0.563471 0.249873 0.626988
vt 0.281139 0.627009 0.249873 0.690178 0.249873 0.626988
vt 0.281139 0.627009 0.281139 0.563471 0.312405 0.626988
vt 0.249873 0.563459 0.281139 0.499746 0.281139 0.563471
vt 0.249873 0.563459 0.281139 0.563471 0.249873 0.626988
vt 1.156329 0.627009 1.156329 0.563471 1.187595 0.626988
vt 1.187595 0.563459 1.218861 0.499746 1.218861 0.563471
vt 1.187595 0.563459 1.218861 0.563471 1.187595 0.626988
vt 1.093797 0.627009 1.093798 0.563471 1.125063 0.626988
vt 1.125063 0.563459 1.156329 0.499746 1.156329 0.563471
vt 1.125063 0.563459 1.156329 0.563471 1.125063 0.626988
vt 1.031266 0.627009 1.031266 0.563471 1.062532 0.626988
vt 1.062532 0.563459 1.093798 0.499746 1.093798 0.563471
vt 1.062532 0.563459 1.093798 0.563471 1.062532 0.626988
vt 0.968734 0.627009 0.968734 0.563471 1.000000 0.626988
vt 1.000000 0.563459 1.031266 0.499746 1.031266 0.563471
vt 1.000000 0.563459 1.031266 0.563471 1.000000 0.626988
vt 0.906203 0.627009 0.906202 0.563471 0.937468 0.626988
vt 0.937468 0.563459 0.968734 0.499746 0.968734 0.563471
vt 0.937468 0.563459 0.968734 0.563471 0.937468 0.626988
vt 0.843671 0.627009 0.843671 0.563471 0.874937 0.626988
vt 0.874937 0.563459 0.906202 0.499746 0.906202 0.563471
vt 0.874937 0.563459 0.906202 0.563471 0.874937 0.626988
vt 0.781139 0.627009 0.781139 0.563471 0.812405 0.626988
vt 0.812405 0.563459 0.843671 0.499746 0.843671 0.563471
vt 0.812405 0.563459 0.843671 0.563471 0.812405 0.626988
vt 0.718861 0.627009 0.718861 0.563471 0.749873 0.626988
vt 0.749873 0.563459 0.781139 0.499746 0.781139 0.563471
vt 0.749873 0.563459 0.781139 0.563471 0.749873 0.626988
vt 0.656329 0.627009 0.656329 0.563471 0.687595 0.626988
vt 0.687595 0.563459 0.718861 0.499746 0.718861 0.563471
vt 0.687595 0.563459 0.718861 0.563471 0.687595 0.626988
vt 0.593797 0.627009 0.593798 0.563471 0.625063 0.626988
vt 0.625063 0.563459 0.656329 0.499746 0.656329 0.563471
vt 0.625063 0.563459 0.656329 0.563471 0.625063 0.626988
vt 0.531266 0.627009 0.531266 0.563471 0.562532 0.626988
vt 0.562532 0.563459 0.593798 0.499746 0.593798 0.563471
vt 0.562532 0.563459 0.593798 0.563471 0.562532 0.626988
vt 0.468734 0.627009 0.468734 0.563471 0.500000 0.626988
vt 0.500000 0.563459 0.531266 0.499746 0.531266 0.563471
vt 0.500000 0.563459 0.531266 0.563471 0.500000 0.626988
vt 0.406203 0.627009 0.406202 0.563471 0.437468 0.626988
vt 0.437468 0.563459 0.468734 0.499746 0.468734 0.563471
vt 0.437468 0.563459 0.468734 0.563471 0.437468 0.626988
vt 0.343671 0.627009 0.343671 0.563471 0.374937 0.626988
vt 0.374937 0.563459 0.406202 0.499746 0.406202 0.563471
vt 0.374937 0.563459 0.406202 0.563471 0.374937 0.626988
vt 0.312405 0.563459 0.281139 0.499746 0.312405 0.499746
vt 0.312405 0.563459 0.343671 0.499746 0.343671 0.563471
vt 0.312405 0.563459 0.343671 0.563471 0.312405 0.626988
vt 1.218861 0.499746 0.249873 0.436033 0.249873 0.499746
vt 0.281139 0.499746 0.249873 0.563459 0.249873 0.499746
vt 0.249873 0.436033 1.218861 0.436022 0.249873 0.372505
vt 1.156329 0.499746 1.187595 0.436033 1.187595 0.499746
vt 1.187595 0.436033 1.218861 0.499746 1.187595 0.499746
vt 1.187595 0.436033 1.156329 0.436022 1.187595 0.372505
vt 1.093798 0.499746 1.125063 0.436033 1.125063 0.499746
vt 1.125063 0.436033 1.156329 0.499746 1.125063 0.499746
vt 1.125063 0.436033 1.093798 0.436022 1.125063 0.372505
vt 1.031266 0.499746 1.062532 0.436033 1.062532 0.499746
vt 1.062532 0.436033 1.093798 0.499746 1.062532 0.499746
vt 1.062532 0.436033 1.031266 0.436022 1.062532 0.372505
vt 0.968734 0.499746 1.000000 0.436033 1.000000 0.499746
vt 1.000000 0.436033 1.031266 0.499746 1.000000 0.499746
vt 1.000000 0.436033 0.968734 0.436022 1.000000 0.372505
vt 0.906202 0.499746 0.937468 0.436033 0.937468 0.499746
vt 0.937468 0.436033 0.968734 0.499746 0.937468 0.499746
vt 0.937468 0.436033 0.906202 0.436022 0.937468 0.372505
vt 0.843671 0.499746 0.874937 0.436033 0.874937 0.499746
vt 0.874937 0.436033 0.906202 0.499746 0.874937 0.499746
vt 0.874937 0.436033 0.843671 0.436022 0.874937 0.372505
vt 0.781139 0.499746 0.812405 0.436033 0.812405 0.499746
vt 0.812405 0.436033 0.843671 0.499746 0.812405 0.499746
vt 0.812405 0.436033 0.781139 0.436022 0.812405 0.372505
vt 0.718861 0.499746 0.749873 0.436033 0.749873 0.499746
vt 0.749873 0.436033 0.781139 0.499746 0.749873 0.499746
vt 0.749873 0.436033 0.718861 0.436022 0.749873 0.372505
vt 0.656329 0.499746 0.687595 0.436033 0.687595 0.499746
vt 0.687595 0.436033 0.718861 0.499746 0.687595 0.499746
vt 0.687595 0.436033 0.656329 0.436022 0.687595 0.372505
vt 0.593798 0.499746 0.625063 0.436033 0.625063 0.499746
vt 0.625063 0.436033 0.656329 0.499746 0.625063 0.499746
vt 0.625063 0.436033 0.593798 0.436022 0.625063 0.372505
vt 0.531266 0.499746 0.562532 0.436033 0.562532 0.499746
vt 0.562532 0.436033 0.593798 0.499746 0.562532 0.499746
vt 0.562532 0.436033 0.531266 0.436022 0.562532 0.372505
vt 0.468734 0.499746 0.500000 0.436033 0.500000 0.499746
vt 0.500000 0.436033 0.531266 0.499746 0.500000 0.499746
vt 0.500000 0.436033 0.468734 0.436022 0.500000 0.372505
vt 0.406202 0.499746 0.437468 0.436033 0.437468 0.499746
vt 0.437468 0.436033 0.468734 0.499746 0.437468 0.499746
vt 0.437468 0.436033 0.406202 0.436022 0.437468 0.372505
vt 0.343671 0.499746 0.374937 0.436033 0.374937 0.499746
vt 0.374937 0.436033 0.406202 0.499746 0.374937 0.499746
vt 0.374937 0.436033 0.343671 0.436022 0.374937 0.372505
vt 0.312405 0.436033 0.343671 0.499746 0.312405 0.499746
vt 0.312405 0.436033 0.281139 0.436022 0.312405 0.372505
vt 1.218861 0.372483 0.249873 0.309314 0.249873 0.372505
vt 1.218861 0.372483 1.218861 0.436022 1.187595 0.372505
vt 0.281139 0.372483 0.281139 0.436022 0.249873 0.372505
vt 0.249873 0.309314 1.218861 0.309287 0.249873 0.246560
vt 1.156329 0.372483 1.187595 0.309315 1.187595 0.372505
vt 1.156329 0.372483 1.156329 0.436022 1.125063 0.372505
vt 1.187595 0.309315 1.218861 0.372483 1.187595 0.372505
vt 1.187595 0.309315 1.156329 0.309287 1.187595 0.246560
vt 1.093797 0.372483 1.125063 0.309314 1.125063 0.372505
vt 1.093797 0.372483 1.093798 0.436022 1.062532 0.372505
vt 1.125063 0.309314 1.156329 0.372483 1.125063 0.372505
vt 1.125063 0.309314 1.093798 0.309287 1.125063 0.246560
vt 1.031266 0.372483 1.062532 0.309315 1.062532 0.372505
vt 1.031266 0.372483 1.031266 0.436022 1.000000 0.372505
vt 1.062532 0.309315 1.093797 0.372483 1.062532 0.372505
vt 1.062532 0.309315 1.031266 0.309287 1.062532 0.246560
vt 0.968734 0.372483 1.000000 0.309314 1.000000 0.372505
vt 0.968734 0.372483 0.968734 0.436022 0.937468 0.372505
vt 1.000000 0.309314 1.031266 0.372483 1.000000 0.372505
vt 1.000000 0.309314 0.968734 0.309287 1.000000 0.246560
vt 0.906203 0.372483 0.937468 0.309315 0.937468 0.372505
vt 0.906203 0.372483 0.906202 0.436022 0.874937 0.372505
vt 0.937468 0.309315 0.968734 0.372483 0.937468 0.372505
vt 0.937468 0.309315 0.906202 0.309287 0.937468 0.246560
vt 0.843671 0.372483 0.874937 0.309314 0.874937 0.372505
vt 0.843671 0.372483 0.843671 0.436022 0.812405 0.372505
vt 0.874937 0.309314 0.906203 0.372483 0.874937 0.372505
vt 0.874937 0.309314 0.843671 0.309287 0.874937 0.246560
vt 0.781139 0.372483 0.812405 0.309315 0.812405 0.372505
vt 0.781139 0.372483 0.781139 0.436022 0.749873 0.372505
vt 0.812405 0.309315 0.843671 0.372483 0.812405 0.372505
vt 0.812405 0.309315 0.781139 0.309287 0.812405 0.246560
vt 0.718861 0.372483 0.749873 0.309314 0.749873 0.372505
vt 0.718861 0.372483 0.718861 0.436022 0.687595 0.372505
vt 0.749873 0.309314 0.781139 0.372483 0.749873 0.372505
vt 0.749873 0.309314 0.718861 0.309287 0.749873 0.246560
vt 0.656329 0.372483 0.687595 0.309315 0.687595 0.372505
vt 0.656329 0.372483 0.656329 0.436022 0.625063 0.372505
vt 0.687595 0.309315 0.718861 0.372483 0.687595 0.372505
vt 0.687595 0.309315 0.656329 0.309287 0.687595 0.246560
vt 0.593797 0.372483 0.625063 0.309314 0.625063 0.372505
vt 0.593797 0.372483 0.593798 0.436022 0.562532 0.372505
vt 0.625063 0.309314 0.656329 0.372483 0.625063 0.372505
vt 0.625063 0.309314 0.593798 0.309287 0.625063 0.246560
vt 0.531266 0.372483 0.562532 0.309315 0.562532 0.372505
vt 0.531266 0.372483 0.531266 0.436022 0.500000 0.372505
vt 0.562532 0.309315 0.593797 0.372483 0.562532 0.372505
vt 0.562532 0.309315 0.531266 0.309287 0.562532 0.246560
vt 0.468734 0.372483 0.500000 0.309314 0.500000 0.372505
vt 0.468734 0.372483 0.468734 0.436022 0.437468 0.372505
vt 0.500000 0.309314 0.531266 0.372483 0.500000 0.372505
vt 0.500000 0.309314 0.468734 0.309287 0.500000 0.246560
vt 0.406203 0.372483 0.437468 0.309315 0.437468 0.372505
vt 0.406203 0.372483 0.406202 0.436022 0.374937 0.372505
vt 0.437468 0.309315 0.468734 0.372483 0.437468 0.372505
vt 0.437468 0.309315 0.406202 0.309287 0.437468 0.246560
vt 0.343671 0.372483 0.374937 0.309314 0.374937 0.372505
vt 0.343671 0.372483 0.343671 0.436022 0.312405 0.372505
vt 0.374937 0.309314 0.406203 0.372483 0.374937 0.372505
vt 0.374937 0.309314 0.343671 0.309287 0.374937 0.246560
vt 0.312405 0.309315 0.343671 0.372483 0.312405 0.372505
vt 0.312405 0.309315 0.281139 0.309287 0.312405 0.246560
vt 1.218861 0.246530 0.249873 0.184272 0.249873 0.246560
vt 1.218861 0.246530 1.218861 0.309287 1.187595 0.246560
vt 0.281139 0.246530 0.281139 0.309287 0.249873 0.246560
vt 0.249873 0.184272 0.281139 0.127476 0.281139 0.184244
vt 1.156329 0.246530 1.187595 0.184272 1.187595 0.246560
vt 1.156329 0.246530 1.156329 0.309287 1.125063 0.246560
vt 1.187595 0.184272 1.218861 0.246530 1.187595 0.246560
vt 1.187595 0.184272 1.218861 0.127476 1.218861 0.184244
vt 1.093798 0.246530 1.125063 0.184272 1.125063 0.246560
vt 1.093798 0.246530 1.093798 0.309287 1.062532 0.246560
vt 1.125063 0.184272 1.156329 0.246530 1.125063 0.246560
vt 1.125063 0.184272 1.156329 0.127477 1.156329 0.184244
vt 1.031266 0.246530 1.062532 0.184272 1.062532 0.246560
vt 1.031266 0.246530 1.031266 0.309287 1.000000 0.246560
vt 1.062532 0.184272 1.093798 0.246530 1.062532 0.246560
vt 1.062532 0.184272 1.093798 0.127477 1.093798 0.184244
vt 0.968734 0.246530 1.000000 0.184272 1.000000 0.246560
vt 0.968734 0.246530 0.968734 0.309287 0.937468 0.246560
vt 1.000000 0.184272 1.031266 0.246530 1.000000 0.246560
vt 1.000000 0.184272 1.031266 0.127476 1.031266 0.184244
vt 0.906202 0.246530 0.937468 0.184272 0.937468 0.246560
vt 0.906202 0.246530 0.906202 0.309287 0.874937 0.246560
vt 0.937468 0.184272 0.968734 0.246530 0.937468 0.246560
vt 0.937468 0.184272 0.968734 0.127476 0.968734 0.184244
vt 0.843671 0.246530 0.874937 0.184272 0.874937 0.246560
vt 0.843671 0.246530 0.843671 0.309287 0.812405 0.246560
vt 0.874937 0.184272 0.906202 0.246530 0.874937 0.246560
vt 0.874937 0.184272 0.906202 0.127477 0.906202 0.184244
vt 0.781139 0.246530 0.812405 0.184272 0.812405 0.246560
vt 0.781139 0.246530 0.781139 0.309287 0.749873 0.246560
vt 0.812405 0.184272 0.843671 0.246530 0.812405 0.246560
vt 0.812405 0.184272 0.843671 0.127477 0.843671 0.184244
vt 0.718861 0.246530 0.749873 0.184272 0.749873 0.246560
vt 0.718861 0.246530 0.718861 0.309287 0.687595 0.246560
vt 0.749873 0.184272 0.781139 0.246530 0.749873 0.246560
vt 0.749873 0.184272 0.781139 0.127476 0.781139 0.184244
vt 0.656329 0.246530 0.687595 0.184272 0.687595 0.246560
vt 0.656329 0.246530 0.656329 0.309287 0.625063 0.246560
vt 0.687595 0.184272 0.718861 0.246530 0.687595 0.246560
vt 0.687595 0.184272 0.718861 0.127476 0.718861 0.184244
vt 0.593798 0.246530 0.625063 0.184272 0.625063 0.246560
vt 0.593798 0.246530 0.593798 0.309287 0.562532 0.246560
vt 0.625063 0.184272 0.656329 0.246530 0.625063 0.246560
vt 0.625063 0.184272 0.656329 0.127477 0.656329 0.184244
vt 0.531266 0.246530 0.562532 0.184272 0.562532 0.246560
vt 0.531266 0.246530 0.531266 0.309287 0.500000 0.246560
vt 0.562532 0.184272 0.593798 0.246530 0.562532 0.246560
vt 0.562532 0.184272 0.593798 0.127477 0.593798 0.184244
vt 0.468734 0.246530 0.500000 0.184272 0.500000 0.246560
vt 0.468734 0.246530 0.468734 0.309287 0.437468 0.246560
vt 0.500000 0.184272 0.531266 0.246530 0.500000 0.246560
vt 0.500000 0.184272 0.531266 0.127476 0.531266 0.184244
vt 0.406202 0.246530 0.437468 0.184272 0.437468 0.246560
vt 0.406202 0.246530 0.406202 0.309287 0.374937 0.246560
vt 0.437468 0.184272 0.468734 0.246530 0.437468 0.246560
vt 0.437468 0.184272 0.468734 0.127476 0.468734 0.184244
vt 0.343671 0.246530 0.374937 0.184272 0.374937 0.246560
vt 0.343671 0.246530 0.343671 0.309287 0.312405 0.246560
vt 0.374937 0.184272 0.406202 0.246530 0.374937 0.246560
vt 0.374937 0.184272 0.406202 0.127477 0.406202 0.184244
vt 0.312405 0.184272 0.343671 0.246530 0.312405 0.246560
vt 0.312405 0.184272 0.281139 0.127476 0.312405 0.124911
vt 0.312405 0.184272 0.343671 0.127477 0.343671 0.184244
vt 1.218861 0.127476 1.218861 0.081574 0.249873 0.124911
vt 0.281139 0.127476 0.249873 0.184272 0.249873 0.124911
vt 0.281139 0.127476 0.281139 0.081574 0.312405 0.124911
vt 0.249873 0.071043 1.187595 0.071043 0.613972 -0.000507
vt 0.249873 0.071043 0.312405 0.071043 0.281139 0.081574
vt 0.249873 0.071043 0.281139 0.081574 0.249873 0.124911
vt 1.156329 0.127477 1.156329 0.081574 1.187595 0.124911
vt 1.187595 0.071043 0.249873 0.071043 1.218861 0.081574
vt 1.187595 0.071043 1.125063 0.071043 0.613972 -0.000507
vt 1.187595 0.071043 1.218861 0.081574 1.187595 0.124911
vt 1.093798 0.127477 1.093798 0.081574 1.125063 0.124911
vt 1.125063 0.071043 1.187595 0.071043 1.156329 0.081574
vt 1.125063 0.071043 1.062532 0.071043 0.613972 -0.000507
vt 1.125063 0.071043 1.156329 0.081574 1.125063 0.124911
vt 1.031266 0.127476 1.031266 0.081574 1.062532 0.124911
vt 1.062532 0.071043 1.125063 0.071043 1.093798 0.081574
vt 1.062532 0.071043 1.000000 0.071043 0.613972 -0.000507
vt 1.062532 0.071043 1.093798 0.081574 1.062532 0.124911
vt 0.968734 0.127476 0.968734 0.081574 1.000000 0.124911
vt 1.000000 0.071043 1.062532 0.071043 1.031266 0.081574
vt 1.000000 0.071043 0.937468 0.071043 0.613972 -0.000507
vt 1.000000 0.071043 1.031266 0.081574 1.000000 0.124911
vt 0.906202 0.127477 0.906202 0.081574 0.937468 0.124911
vt 0.937468 0.071043 1.000000 0.071043 0.968734 0.081574
vt 0.937468 0.071043 0.874937 0.071043 0.613972 -0.000507
vt 0.937468 0.071043 0.968734 0.081574 0.937468 0.124911
vt 0.843671 0.127477 0.843671 0.081574 0.874937 0.124911
vt 0.874937 0.071043 0.937468 0.071043 0.906202 0.081574
vt 0.874937 0.071043 0.812405 0.071043 0.613972 -0.000507
vt 0.874937 0.071043 0.906202 0.081574 0.874937 0.124911
vt 0.781139 0.127476 0.781139 0.081574 0.812405 0.124911
vt 0.812405 0.071043 0.874937 0.071043 0.843671 0.081574
vt 0.812405 0.071043 0.749873 0.071043 0.613972 -0.000507
vt 0.812405 0.071043 0.843671 0.081574 0.812405 0.124911
vt 0.718861 0.127476 0.718861 0.081574 0.749873 0.124911
vt 0.749873 0.071043 0.812405 0.071043 0.781139 0.081574
vt 0.749873 0.071043 0.687595 0.071043 0.613972 -0.000507
vt 0.749873 0.071043 0.781139 0.081574 0.749873 0.124911
vt 0.656329 0.127477 0.656329 0.081574 0.687595 0.124911
vt 0.687595 0.071043 0.749873 0.071043 0.718861 0.081574
vt 0.687595 0.071043 0.625063 0.071043 0.613972 -0.000507
vt 0.687595 0.071043 0.718861 0.081574 0.687595 0.124911
vt 0.593798 0.127477 0.593798 0.081574 0.625063 0.124911
vt 0.625063 0.071043 0.687595 0.071043 0.656329 0.081574
vt 0.625063 0.071043 0.562532 0.071043 0.613972 -0.000507
vt 0.625063 0.071043 0.656329 0.081574 0.625063 0.124911
vt 0.531266 0.127476 0.531266 0.081574 0.562532 0.124911
vt 0.562532 0.071043 0.625063 0.071043 0.593798 0.081574
vt 0.562532 0.071043 0.500000 0.071043 0.613972 -0.000507
vt 0.562532 0.071043 0.593798 0.081574 0.562532 0.124911
vt 0.468734 0.127476 0.468734 0.081574 0.500000 0.124911
vt 0.500000 0.071043 0.562532 0.071043 0.531266 0.081574
vt 0.500000 0.071043 0.437468 0.071043 0.613972 -0.000507
vt 0.500000 0.071043 0.531266 0.081574 0.500000 0.124911
vt 0.406202 0.127477 0.406202 0.081574 0.437468 0.124911
vt 0.437468 0.071043 0.500000 0.071043 0.468734 0.081574
vt 0.437468 0.071043 0.374937 0.071043 0.613972 -0.000507
vt 0.437468 0.071043 0.468734 0.081574 0.437468 0.124911
vt 0.343671 0.127477 0.343671 0.081574 0.374937 0.124911
vt 0.374937 0.071043 0.437468 0.071043 0.406202 0.081574
vt 0.374937 0.071043 0.312405 0.071043 0.613972 -0.000507
vt 0.374937 0.071043 0.406202 0.081574 0.374937 0.124911
vt 0.312405 0.071043 0.374937 0.071043 0.343671 0.081574
vt 0.312405 0.071043 0.343671 0.081574 0.312405 0.124911
vt 1.218861 0.815249 1.218861 0.872016 1.187595 0.815221
vt 1.218861 0.815249 0.249873 0.815221 1.218861 0.872016
vt 1.218861 0.815249 1.218861 0.752962 0.249873 0.815221
vt 1.156329 0.815248 1.156329 0.872016 1.125063 0.815221
vt 1.156329 0.815248 1.187595 0.815221 1.156329 0.872016
vt 1.156329 0.815248 1.156329 0.752962 1.187595 0.815221
vt 1.093798 0.815248 1.093798 0.872016 1.062532 0.815221
vt 1.093798 0.815248 1.125063 0.815221 1.093798 0.872016
vt 1.093798 0.815248 1.093798 0.752962 1.125063 0.815221
vt 1.031266 0.815249 1.031266 0.872016 1.000000 0.815221
vt 1.031266 0.815249 1.062532 0.815221 1.031266 0.872016
vt 1.031266 0.815249 1.031266 0.752962 1.062532 0.815221
vt 0.968734 0.815249 0.968734 0.872016 0.937468 0.815221
vt 0.968734 0.815249 1.000000 0.815221 0.968734 0.872016
vt 0.968734 0.815249 0.968734 0.752962 1.000000 0.815221
vt 0.906202 0.815248 0.906202 0.872016 0.874937 0.815221
vt 0.906202 0.815248 0.937468 0.815221 0.906202 0.872016
vt 0.906202 0.815248 0.906202 0.752962 0.937468 0.815221
vt 0.843671 0.815248 0.843671 0.872016 0.812405 0.815221
vt 0.843671 0.815248 0.874937 0.815221 0.843671 0.872016
vt 0.843671 0.815248 0.843671 0.752962 0.874937 0.815221
vt 0.781139 0.815249 0.781139 0.872016 0.749873 0.815221
vt 0.781139 0.815249 0.812405 0.815221 0.781139 0.872016
vt 0.781139 0.815249 0.781139 0.752962 0.812405 0.815221
vt 0.718861 0.815249 0.718861 0.872016 0.687595 0.815221
vt 0.718861 0.815249 0.749873 0.815221 0.718861 0.872016
vt 0.718861 0.815249 0.718861 0.752962 0.749873 0.815221
vt 0.656329 0.815248 0.656329 0.872016 0.625063 0.815221
vt 0.656329 0.815248 0.687595 0.815221 0.656329 0.872016
vt 0.656329 0.815248 0.656329 0.752962 0.687595 0.815221
vt 0.593798 0.815248 0.593798 0.872016 0.562532 0.815221
vt 0.593798 0.815248 0.625063 0.815221 0.593798 0.872016
vt 0.593798 0.815248 0.593798 0.752962 0.625063 0.815221
vt 0.531266 0.815249 0.531266 0.872016 0.500000 0.815221
vt 0.531266 0.815249 0.562532 0.815221 0.531266 0.872016
vt 0.531266 0.815249 0.531266 0.752962 0.562532 0.815221
vt 0.468734 0.815249 0.468734 0.872016 0.437468 0.815221
vt 0.468734 0.815249 0.500000 0.815221 0.468734 0.872016
vt 0.468734 0.815249 0.468734 0.752962 0.500000 0.815221
vt 0.406202 0.815248 0.406202 0.872016 0.374937 0.815221
vt 0.406202 0.815248 0.437468 0.815221 0.406202 0.872016
vt 0.406202 0.815248 0.406202 0.752962 0.437468 0.815221
vt 0.343671 0.815248 0.343671 0.872016 0.312405 0.815221
vt 0.343671 0.815248 0.374937 0.815221 0.343671 0.872016
vt 0.343671 0.815248 0.343671 0.752962 0.374937 0.815221
vt 0.281139 0.815249 0.281139 0.872016 0.249873 0.815221
vt 0.281139 0.815249 0.312405 0.815221 0.281139 0.872016
vt 0.281139 0.815249 0.281139 0.752962 0.312405 0.815221
vt 1.218861 0.690206 1.218861 0.627009 0.249873 0.690178
vt 1.156329 0.690206 1.156329 0.627009 1.187595 0.690178
vt 1.093798 0.690206 1.093797 0.627009 1.125063 0.690178
vt 1.031266 0.690206 1.031266 0.627009 1.062532 0.690178
vt 0.968734 0.690206 0.968734 0.627009 1.000000 0.690178
vt 0.906202 0.690206 0.906203 0.627009 0.937468 0.690178
vt 0.843671 0.690206 0.843671 0.627009 0.874937 0.690178
vt 0.781139 0.690206 0.781139 0.627009 0.812405 0.690178
vt 0.718861 0.690206 0.718861 0.627009 0.749873 0.690178
vt 0.656329 0.690206 0.656329 0.627009 0.687595 0.690178
vt 0.593798 0.690206 0.593797 0.627009 0.625063 0.690178
vt 0.531266 0.690206 0.531266 0.627009 0.562532 0.690178
vt 0.468734 0.690206 0.468734 0.627009 0.500000 0.690178
vt 0.406202 0.690206 0.406203 0.627009 0.437468 0.690178
vt 0.343671 0.690206 0.343671 0.627009 0.374937 0.690178
vt 0.281139 0.690206 0.281139 0.627009 0.312405 0.690178
vt 1.218861 0.563471 1.218861 0.499746 0.249873 0.563459
vt 1.156329 0.563471 1.156329 0.499746 1.187595 0.563459
vt 1.093798 0.563471 1.093798 0.499746 1.125063 0.563459
vt 1.031266 0.563471 1.031266 0.499746 1.062532 0.563459
vt 0.968734 0.563471 0.968734 0.499746 1.000000 0.563459
vt 0.906202 0.563471 0.906202 0.499746 0.937468 0.563459
vt 0.843671 0.563471 0.843671 0.499746 0.874937 0.563459
vt 0.781139 0.563471 0.781139 0.499746 0.812405 0.563459
vt 0.718861 0.563471 0.718861 0.499746 0.749873 0.563459
vt 0.656329 0.563471 0.656329 0.499746 0.687595 0.563459
vt 0.593798 0.563471 0.593798 0.499746 0.625063 0.563459
vt 0.531266 0.563471 0.531266 0.499746 0.562532 0.563459
vt 0.468734 0.563471 0.468734 0.499746 0.500000 0.563459
vt 0.406202 0.563471 0.406202 0.499746 0.437468 0.563459
vt 0.343671 0.563471 0.343671 0.499746 0.374937 0.563459
vt 0.281139 0.563471 0.281139 0.499746 0.312405 0.563459
vt 1.218861 0.436022 1.218861 0.499746 1.187595 0.436033
vt 1.218861 0.436022 0.249873 0.436033 1.218861 0.499746
vt 1.156329 0.436022 1.156329 0.499746 1.125063 0.436033
vt 1.156329 0.436022 1.187595 0.436033 1.156329 0.499746
vt 1.093798 0.436022 1.093798 0.499746 1.062532 0.436033
vt 1.093798 0.436022 1.125063 0.436033 1.093798 0.499746
vt 1.031266 0.436022 1.031266 0.499746 1.000000 0.436033
vt 1.031266 0.436022 1.062532 0.436033 1.031266 0.499746
vt 0.968734 0.436022 0.968734 0.499746 0.937468 0.436033
vt 0.968734 0.436022 1.000000 0.436033 0.968734 0.499746
vt 0.906202 0.436022 0.906202 0.499746 0.874937 0.436033
vt 0.906202 0.436022 0.937468 0.436033 0.906202 0.499746
vt 0.843671 0.436022 0.843671 0.499746 0.812405 0.436033
vt 0.843671 0.436022 0.874937 0.436033 0.843671 0.499746
vt 0.781139 0.436022 0.781139 0.499746 0.749873 0.436033
vt 0.781139 0.436022 0.812405 0.436033 0.781139 0.499746
vt 0.718861 0.436022 0.718861 0.499746 0.687595 0.436033
vt 0.718861 0.436022 0.749873 0.436033 0.718861 0.499746
vt 0.656329 0.436022 0.656329 0.499746 0.625063 0.436033
vt 0.656329 0.436022 0.687595 0.436033 0.656329 0.499746
vt 0.593798 0.436022 0.593798 0.499746 0.562532 0.436033
vt 0.593798 0.436022 0.625063 0.436033 0.593798 0.499746
vt 0.531266 0.436022 0.531266 0.499746 0.500000 0.436033
vt 0.531266 0.436022 0.562532 0.436033 0.531266 0.499746
vt 0.468734 0.436022 0.468734 0.499746 0.437468 0.436033
vt 0.468734 0.436022 0.500000 0.436033 0.468734 0.499746
vt 0.406202 0.436022 0.406202 0.499746 0.374937 0.436033
vt 0.406202 0.436022 0.437468 0.436033 0.406202 0.499746
vt 0.343671 0.436022 0.343671 0.499746 0.312405 0.436033
vt 0.343671 0.436022 0.374937 0.436033 0.343671 0.499746
vt 0.281139 0.436022 0.281139 0.499746 0.249873 0.436033
vt 0.281139 0.436022 0.312405 0.436033 0.281139 0.499746
vt 1.218861 0.309287 1.218861 0.372483 1.187595 0.309315
vt 1.218861 0.309287 0.249873 0.309314 1.218861 0.372483
vt 1.156329 0.309287 1.156329 0.372483 1.125063 0.309314
vt 1.156329 0.309287 1.187595 0.309315 1.156329 0.372483
vt 1.093798 0.309287 1.093797 0.372483 1.062532 0.309315
vt 1.093798 0.309287 1.125063 0.309314 1.093797 0.372483
vt 1.031266 0.309287 1.031266 0.372483 1.000000 0.309314
vt 1.031266 0.309287 1.062532 0.309315 1.031266 0.372483
vt 0.968734 0.309287 0.968734 0.372483 0.937468 0.309315
vt 0.968734 0.309287 1.000000 0.309314 0.968734 0.372483
vt 0.906202 0.309287 0.906203 0.372483 0.874937 0.309314
vt 0.906202 0.309287 0.937468 0.309315 0.906203 0.372483
vt 0.843671 0.309287 0.843671 0.372483 0.812405 0.309315
vt 0.843671 0.309287 0.874937 0.309314 0.843671 0.372483
vt 0.781139 0.309287 0.781139 0.372483 0.749873 0.309314
vt 0.781139 0.309287 0.812405 0.309315 0.781139 0.372483
vt 0.718861 0.309287 0.718861 0.372483 0.687595 0.309315
vt 0.718861 0.309287 0.749873 0.309314 0.718861 0.372483
vt 0.656329 0.309287 0.656329 0.372483 0.625063 0.309314
vt 0.656329 0.309287 0.687595 0.309315 0.656329 0.372483
vt 0.593798 0.309287 0.593797 0.372483 0.562532 0.309315
vt 0.593798 0.309287 0.625063 0.309314 0.593797 0.372483
vt 0.531266 0.309287 0.531266 0.372483 0.500000 0.309314
vt 0.531266 0.309287 0.562532 0.309315 0.531266 0.372483
vt 0.468734 0.309287 0.468734 0.372483 0.437468 0.309315
vt 0.468734 0.309287 0.500000 0.309314 0.468734 0.372483
vt 0.406202 0.309287 0.406203 0.372483 0.374937 0.309314
vt 0.406202 0.309287 0.437468 0.309315 0.406203 0.372483
vt 0.343671 0.309287 0.343671 0.372483 0.312405 0.309315
vt 0.343671 0.309287 0.374937 0.309314 0.343671 0.372483
vt 0.281139 0.309287 0.281139 0.372483 0.249873 0.309314
vt 0.281139 0.309287 0.312405 0.309315 0.281139 0.372483
vt 1.218861 0.184244 1.218861 0.246530 1.187595 0.184272
vt 1.218861 0.184244 0.249873 0.184272 1.218861 0.246530
vt 1.218861 0.184244 1.218861 0.127476 0.249873 0.184272
vt 1.156329 0.184244 1.156329 0.246530 1.125063 0.184272
vt 1.156329 0.184244 1.187595 0.184272 1.156329 0.246530
vt 1.156329 0.184244 1.156329 0.127477 1.187595 0.184272
vt 1.093798 0.184244 1.093798 0.246530 1.062532 0.184272
vt 1.093798 0.184244 1.125063 0.184272 1.093798 0.246530
vt 1.093798 0.184244 1.093798 0.127477 1.125063 0.184272
vt 1.031266 0.184244 1.031266 0.246530 1.000000 0.184272
vt 1.031266 0.184244 1.062532 0.184272 1.031266 0.246530
vt 1.031266 0.184244 1.031266 0.127476 1.062532 0.184272
vt 0.968734 0.184244 0.968734 0.246530 0.937468 0.184272
vt 0.968734 0.184244 1.000000 0.184272 0.968734 0.246530
vt 0.968734 0.184244 0.968734 0.127476 1.000000 0.184272
vt 0.906202 0.184244 0.906202 0.246530 0.874937 0.184272
vt 0.906202 0.184244 0.937468 0.184272 0.906202 0.246530
vt 0.906202 0.184244 0.906202 0.127477 0.937468 0.184272
vt 0.843671 0.184244 0.843671 0.246530 0.812405 0.184272
vt 0.843671 0.184244 0.874937 0.184272 0.843671 0.246530
vt 0.843671 0.184244 0.843671 0.127477 0.874937 0.184272
vt 0.781139 0.184244 0.781139 0.246530 0.749873 0.184272
vt 0.781139 0.184244 0.812405 0.184272 0.781139 0.246530
vt 0.781139 0.184244 0.781139 0.127476 0.812405 0.184272
vt 0.718861 0.184244 0.718861 0.246530 0.687595 0.184272
vt 0.718861 0.184244 0.749873 0.184272 0.718861 0.246530
vt 0.718861 0.184244 0.718861 0.127476 0.749873 0.184272
vt 0.656329 0.184244 0.656329 0.246530 0.625063 0.184272
vt 0.656329 0.184244 0.687595 0.184272 0.656329 0.246530
vt 0.656329 0.184244 0.656329 0.127477 0.687595 0.184272
vt 0.593798 0.184244 0.593798 0.246530 0.562532 0.184272
vt 0.593798 0.184244 0.625063 0.184272 0.593798 0.246530
vt 0.593798 0.184244 0.593798 0.127477 0.625063 0.184272
vt 0.531266 0.184244 0.531266 0.246530 0.500000 0.184272
vt 0.531266 0.184244 0.562532 0.184272 0.531266 0.246530
vt 0.531266 0.184244 0.531266 0.127476 0.562532 0.184272
vt 0.468734 0.184244 0.468734 0.246530 0.437468 0.184272
vt 0.468734 0.184244 0.500000 0.184272 0.468734 0.246530
vt 0.468734 0.184244 0.468734 0.127476 0.500000 0.184272
vt 0.406202 0.184244 0.406202 0.246530 0.374937 0.184272
vt 0.406202 0.184244 0.437468 0.184272 0.406202 0.246530
vt 0.406202 0.184244 0.406202 0.127477 0.437468 0.184272
vt 0.343671 0.184244 0.343671 0.246530 0.312405 0.184272
vt 0.343671 0.184244 0.374937 0.184272 0.343671 0.246530
vt 0.343671 0.184244 0.343671 0.127477 0.374937 0.184272
vt 0.281139 0.184244 0.281139 0.246530 0.249873 0.184272
vt 0.281139 0.184244 0.312405 0.184272 0.281139 0.246530
vt 0.281139 0.184244 0.281139 0.127476 0.312405 0.184272
